0.059032108167621805 2.026839127861317 
0.3981299694775695 1.4458226585413558 
0.49229790009375557 1.3177893513327388 
0.13683636877851568 1.8373378716051922 
0.0006371632314957458 2.370572272919503 
0.5195345763748368 1.2556033338367025 
0.045488656821449425 2.112718900311472 
0.00033766685466395455 2.4203936971163826 
0.6315633844770093 1.197468038513162 
0.009695258073935592 2.263801454278341 
0.09749441525022423 1.908937596189286 
0.1941025371341953 1.7134994680027613 
0.27028166079511573 1.6047770750694126 
0.4199367390563724 1.4148345580964374 
0.325570424679296 1.5433017548159065 
0.24722577677646712 1.7132975422870946 
0.31754698337427667 1.569756765069713 
0.07011214524047718 1.9969666914395097 
2.254078507886664e-08 2.4418831246924726 
0.400504562811213 1.4345745903242446 
0.4077951900835224 1.4235611466345288 
0.2522134607152461 1.6979309312830648 
0.3212806850230026 1.543682584591753 
0.7820640321804124 1.0593679482997045 
0.2525646469887933 1.617137687061267 
0.6915976084514839 1.0975884365673259 
0.3367497176439912 1.4719971010716002 
0.1356958008702834 1.8533099910647572 
0.01956263508124345 2.165410682925219 
0.7576547146699499 1.0872921445316035 
0.006140497898826518 2.2718092608157128 
0.7878685095879822 0.9798315109459125 
0.783880933991054 1.050476799130644 
0.059032108167621805 2.051258387818991 
0.49229790009375557 1.3321592202094656 
0.13683636877851568 1.843011438145411 
0.0006371632314957458 2.3836373553829295 
0.626646374135711 1.2659308813519545 
0.5195345763748368 1.3118859696494911 
0.045488656821449425 2.1212911724710075 
0.00033766685466395455 2.4377886455564943 
0.6315633844770093 1.2222695417865335 
0.11284344521125413 1.9260220786119995 
0.11025359640828078 1.9327468373926886 
0.1941025371341953 1.803029767293733 
0.24379895434305643 1.7665696746970883 
0.24563908247329755 1.749543996154675 
0.09298563739888449 2.0229691928077584 
2.254078507886664e-08 2.530965150762043 
0.400504562811213 1.4458808888792916 
0.4199367390563724 1.4351623205391482 
0.33099048390993896 1.5540599298503268 
0.7820640321804124 1.0732636454069173 
0.31754698337427667 1.654087275468338 
0.2537575434859106 1.7031842955528849 
0.2525646469887933 1.703628930983317 
0.2703883026385733 1.671230195093476 
0.263097675366264 1.69903673497912 
0.3309452323934505 1.631183395912389 
0.7101628456366142 1.1319817826616407 
0.730323089083102 1.1156022010163016 
0.3898870089633902 1.4859045734191758 
0.3367497176439912 1.5087060289078607 
0.3910275777580301 1.482218202820799 
0.020514025734063468 2.2634062500303207 
0.02926006431454517 2.2028861217771 
0.034150699292668514 2.196875332743296 
0.012845530422696 2.297194821001919 
0.006140497898826518 2.337770354018265 
0.013325860783047483 2.2814215089450496 
0.013325860783047483 2.2814215089450496 
2.254078507886664e-08 2.5764611820847683 
0.7820640321804124 1.1049582553293695 
0.6315633844770093 1.227425380394781 
0.7101628456366142 1.2199064872551049 
0.400504562811213 1.4502005124805502 
0.49229790009375557 1.3811881979722191 
0.32847971564873946 1.6699426747262125 
0.7349678759362637 1.1158322016741742 
0.11025359640828078 1.9350449328745052 
0.09298563739888449 2.0346009433194965 
0.059032108167621805 2.0672919786709216 
0.5760512386885159 1.321014272629495 
0.2703883026385733 1.7111174143079364 
0.045488656821449425 2.1479941852565942 
0.33099048390993896 1.5659422925283002 
0.1941025371341953 1.82309186261107 
0.00033766685466395455 2.469340409467267 
0.3367497176439912 1.518012104116696 
0.13683636877851568 1.8857604332108218 
0.014620698008291827 2.2825733684270895 
0.3898870089633902 1.5177581740342967 
0.034150699292668514 2.2320853953815405 
0.5716062638173444 1.3229930464486375 
0.22948248096059115 1.8065803579296837 
0.1722094876253658 1.86549967437016 
0.5214887965535466 1.340839589049554 
0.013284276087264957 2.3323749482335905 
3.306768343175337e-07 2.5672892677659447 
0.035935959986264254 2.197226956253603 
