1.888609870101777 0.9639654886103584 
1.9090280518552905 0.9741588168807328 
1.9097972578545372 0.9747325390310255 
1.9109351820750562 0.9751260293096543 
1.911981832412814 0.9758837060610024 
1.9130157371327214 0.9763210036764949 
1.9130157371327214 0.9763210036764949 
1.9134503943350878 0.9763808541753589 
1.9140376011499713 0.9768360280013305 
1.9141971786609273 0.9769352812107307 
1.9142866082308452 0.9769716442137434 
1.9147830071975271 0.9777329769691271 
1.9148896959717818 0.9773316448342543 
1.9152395217078428 0.9774558063806321 
1.9154263507853109 0.9775446600439688 
1.9157245387086534 0.9777579500264683 
1.9165506634738607 0.9781250781366853 
1.9166871898059883 0.9782686325423438 
1.9177375351102925 0.9787308064037475 
1.9180436369079592 0.9789594399176161 
1.918176097715733 0.9790089761336804 
1.9187311081032075 0.9792861674537291 
1.9202701510810127 0.9800841484390708 
1.920840245831383 0.9803883339002087 
1.9210119417606981 0.9802621511417655 
1.9210749814362824 0.9804481622378697 
1.9212313092693316 0.9805683113472317 
1.9213814216662635 0.9805949429583656 
1.9214987591731012 0.980698721936363 
1.922827516364269 0.9813829920616732 
1.923051521492624 0.9812800440173717 
1.9235107183135116 0.981681649377406 
1.9239693576978005 0.9819646077389101 
1.9256196487682564 0.9825877409720333 
1.925721470315691 0.9828538276113732 
1.9265276628696775 0.9832102542043003 
1.927090985153452 0.9833602426351853 
1.927028011020669 0.9835204440801805 
1.9272763185677078 0.9836050307763509 
1.9276684351652227 0.9838485620654875 
1.9284057069581413 0.9840410169654359 
1.9280412597149508 0.9840504343200613 
1.9281899951961279 0.984119922689142 
1.9290875640617835 0.9845977285110281 
1.9292798282758716 0.9844751841240775 
1.9293441666846372 0.9847154232890153 
1.9294636197683321 0.9847627067640214 
1.929553025978802 0.9848130062390915 
1.9301837643044424 0.9850828267990596 
1.9302513219245898 0.9851173053045043 
1.9313208284973058 0.985711420924747 
1.9315469250280526 0.9856429670062925 
1.9316105584214014 0.9858645600126739 
1.9316517313963593 0.9858803078139687 
1.9317463409219464 0.9858929013324208 
1.931820730742109 0.9859312700330893 
1.9318560553031137 0.9864260289544241 
1.9324713143615995 0.9861144710072368 
1.9327077465496096 0.9863781461722039 
1.9326804994732165 0.9864258919509156 
1.9331221773787561 0.986589303021434 
1.9335670980827513 0.9868705667580074 
1.9336537774250624 0.9868854204751091 
1.933838488949977 0.9869966088787975 
1.9338926308043982 0.987036907888988 
1.934077552769833 0.9870753890407503 
1.9347838235927923 0.9874616042099963 
1.93436823217628 0.9877154437452864 
1.9347895972258793 0.987494709397219 
1.9349631733164303 0.9875833006690259 
1.9352868209416354 0.9877421864558743 
1.9354989064916412 0.98784887542189 
1.935577922471174 0.987897061678898 
1.9356072207612933 0.9878993626183264 
1.9357528024307833 0.987986318430713 
1.9357719146728243 0.9879482521908368 
1.9358288329004756 0.9880125415236464 
1.936114783079863 0.9879610976145061 
1.9364304141261506 0.9882770865279773 
1.9365942945559351 0.9882267392948069 
1.9363720746780617 0.9883011337789056 
1.9368248353286321 0.9885465254427678 
1.9374136469283032 0.9888740094779378 
1.9377995871501974 0.9889796559324469 
1.9379637844036357 0.9891084695899331 
1.9381408138122547 0.989149049272615 
1.9381408138122547 0.989149049272615 
1.9384366753626108 0.9891596931414429 
1.9386775496161108 0.9892688267131154 
1.9387869574951324 0.9894748792899525 
1.9389119902148069 0.9893922911969194 
1.9389153874253267 0.989394581604326 
1.9389499698882362 0.9896314566606895 
1.9390344907300696 0.9894635728255262 
1.938956889444442 0.9900394878813251 
1.9394940015995101 0.9897031188582153 
1.9398091766167949 0.9898504661191753 
1.939927720361748 0.9905541960824917 
1.940289197344737 0.9902902834248238 
1.9399642639414654 0.9905722647498517 
